1.000000,-1.451433,-0.767641,0.775911,0.750605,-0.901769,-1.284534,-0.930664,-0.306993,-0.468593,0.339308,0.702565,-0.445619,0.151089,-0.602754,-0.841944,-0.739241,-0.419729,-0.387832,-0.055110,-0.390033,0.034077,0.485053,-0.294792,0.122535,-0.500560,0.073149,-0.425597,0.000000
1.000000,-1.078707,0.870796,-0.074476,-1.245533,0.353988,-0.619872,0.853943,-1.389613,0.345537,-0.336072,-0.667170,0.612559,-0.953281,-0.034826,-0.360451,0.298270,-0.984613,0.687445,-0.817148,-0.045197,-0.343659,-0.262423,0.063147,-0.703192,0.332152,-0.472580,-0.206392,1.000000
1.000000,-1.102001,-0.937136,-0.029374,0.777445,-0.741988,-0.649531,-0.769600,-0.402406,-0.523069,-0.310926,0.423712,-0.420049,0.211090,-0.580630,-0.375288,-0.406376,-0.371254,-0.427191,-0.082011,-0.396940,-0.334100,0.159400,-0.400235,0.132668,-0.475813,0.083461,-0.423359,0.000000
1.000000,1.052849,0.164565,0.337724,0.806058,-0.809665,0.478034,0.433574,0.173456,-0.378886,-0.061787,0.585237,-0.391628,0.190630,-0.591785,0.052089,0.244662,0.078833,-0.203969,-0.011139,-0.383854,-0.217862,0.303883,-0.323261,0.144411,-0.482306,0.078698,-0.424662,1.000000
1.000000,-0.927275,1.012043,-0.341530,-1.165105,0.699879,-0.459539,0.630537,-1.453103,0.649265,-0.460460,-0.428646,0.456992,-1.131920,0.280225,-0.293135,0.097011,-0.779196,0.674727,-1.054155,0.204052,-0.383529,-0.118675,-0.165390,-0.577999,0.418562,-0.719904,-0.003308,0.000000
1.000000,1.553714,0.927295,1.737604,2.560176,0.487818,1.820733,3.120519,2.316726,0.459116,1.615267,3.893565,3.642786,2.158966,0.078946,1.523970,4.065718,4.339570,3.075702,1.557280,0.041654,1.205626,4.330644,5.354742,4.405772,2.502987,1.238542,-0.138165,0.000000
1.000000,-1.567904,0.687176,1.097952,-1.625804,-0.039279,-1.587125,1.856961,-1.502522,0.043154,0.706044,-2.038392,1.476509,-0.874328,-0.309800,-1.151445,1.854572,-2.172874,1.079919,-0.651099,-0.236135,0.319439,-1.792175,1.737199,-1.523674,0.488703,-0.292592,-0.343095,0.000000
1.000000,0.994614,0.588304,0.207138,1.308723,-0.224634,0.378562,0.857517,0.765669,-0.081425,-0.159489,0.881388,0.303408,0.640147,-0.408694,-0.014710,0.440897,0.541233,0.280781,0.269350,-0.296001,-0.267738,0.422333,0.067230,0.553585,-0.131768,0.236762,-0.380412,1.000000
1.000000,-0.542901,0.983793,-0.815847,-0.548884,0.627684,-0.254475,0.006970,-0.788561,0.583167,-0.578036,-0.015631,-0.420283,-0.514857,0.208809,-0.245028,-0.144064,-0.259717,-0.053667,-0.534252,0.145255,-0.405493,0.006794,-0.525067,-0.041115,-0.279625,-0.306659,-0.053115,1.000000
1.000000,-0.461372,0.899046,-0.878915,-0.389706,0.420149,-0.237846,-0.083411,-0.591130,0.401046,-0.583709,0.019424,-0.556428,-0.311566,0.020137,-0.243676,-0.155985,-0.213960,-0.173049,-0.349042,-0.003729,-0.405846,0.010361,-0.543208,0.007617,-0.399171,-0.150367,-0.174199,1.000000
1.000000,-0.589489,-1.586869,-0.773909,0.791294,0.373696,-0.267308,-0.495404,-0.748456,-1.238616,-0.572970,0.142425,-0.406443,0.624378,-0.018716,-0.246421,-0.191987,-0.273096,-0.563717,-0.435658,-0.743898,-0.405074,0.020292,-0.516874,0.138228,-0.307167,0.347526,-0.197109,0.000000
1.000000,1.437223,0.616553,1.367769,1.837205,-0.173561,1.421788,1.965456,1.187815,-0.048346,1.060243,2.393565,1.433561,0.929162,-0.383408,0.986367,2.232661,1.909180,0.960228,0.448191,-0.281273,0.636803,2.287894,1.981804,1.569791,0.339229,0.340815,-0.371585,0.000000
1.000000,-1.218472,1.012043,0.212224,-1.621339,0.699879,-0.819910,1.352726,-1.934400,0.649265,-0.155872,-1.151858,1.465133,-1.569502,0.280225,-0.473588,0.720431,-1.685647,1.505467,-1.415452,0.204052,-0.265984,-0.588901,0.763138,-1.511621,1.209012,-1.001554,-0.003308,0.000000
1.000000,1.378987,-0.711142,1.192940,-0.496509,-0.942959,1.243511,-0.977132,0.064990,-0.457816,0.825857,-0.713278,-0.469180,0.054955,-0.606087,0.771890,-0.921273,0.078155,-0.372632,-0.032429,-0.389246,0.422482,-0.679761,-0.259291,-0.022118,-0.507262,0.068071,-0.425789,1.000000
1.000000,-1.090354,1.577028,-0.052060,-2.055475,2.460648,-0.634525,1.519662,-3.339171,2.634222,-0.323723,-1.124941,2.707765,-4.063538,2.946050,-0.367693,0.600669,-2.263413,3.705511,-4.895016,2.956953,-0.339021,-0.447427,1.055956,-2.997070,4.884295,-5.279299,2.946995,0.000000
1.000000,-0.717627,-0.301534,-0.636436,0.077780,-1.061095,-0.317631,-0.210575,-0.105026,-0.438277,-0.549113,0.046922,-0.741543,0.094996,-0.610257,-0.254327,-0.161079,-0.173984,-0.313673,-0.041092,-0.388519,-0.402201,0.010977,-0.554160,0.045715,-0.521931,0.069837,-0.425924,1.000000
1.000000,1.705126,-0.753516,2.258393,-0.718462,-0.912632,2.429483,-1.472532,0.153501,-0.465599,2.533156,-1.500865,-0.234381,0.026650,-0.603727,2.487746,-2.033724,0.396903,-0.436243,-0.024563,-0.389792,2.311261,-2.070319,0.260596,-0.126243,-0.487809,0.066066,-0.425659,0.000000
1.000000,0.155964,-1.346750,-0.930087,-0.189650,-0.131602,-0.210392,-0.295400,0.129444,-0.856229,-0.586593,0.042268,-0.674861,-0.058958,-0.361517,-0.242757,-0.166290,-0.162462,-0.354232,0.051352,-0.508855,-0.405959,0.011758,-0.551992,0.037374,-0.493897,0.017447,-0.363532,1.000000
1.000000,0.784946,0.941420,-0.207506,1.444956,0.522219,0.099047,0.751860,1.227756,0.489129,-0.403274,0.659375,0.555573,1.242854,0.109847,-0.163206,0.194502,0.545296,0.700652,0.857612,0.065897,-0.366848,0.209149,-0.047805,0.747907,0.393323,0.734200,-0.118597,1.000000
1.000000,-0.007101,0.997918,-0.989777,0.274898,0.663593,-0.218293,-0.215030,0.064257,0.615871,-0.588013,0.055491,-0.723576,0.246042,0.243957,-0.242942,-0.164061,-0.172406,-0.298260,0.082291,0.174040,-0.405986,0.012116,-0.554234,0.046966,-0.507389,0.165025,-0.028862,1.000000
1.000000,-0.391469,-0.880638,-0.922527,0.283800,-0.801283,-0.228567,-0.267910,-0.172588,-0.500757,-0.586264,0.062085,-0.721420,0.119255,-0.590546,-0.243185,-0.165535,-0.177281,-0.320408,-0.048800,-0.393579,-0.405949,0.012354,-0.553525,0.047183,-0.519471,0.072155,-0.424533,1.000000
1.000000,-1.521316,0.969669,0.965918,-2.027257,0.592151,-1.460029,2.256113,-2.292534,0.551147,0.548312,-2.359201,2.618604,-1.833364,0.174756,-1.015204,2.089572,-3.105038,2.370036,-1.583916,0.117662,0.190938,-1.937811,2.698213,-2.879888,1.952429,-1.095569,-0.076121,0.000000
1.000000,-0.205114,1.223912,-0.991600,-0.056588,1.289442,-0.219157,-0.215485,-0.311629,1.237964,-0.588024,0.053651,-0.721144,-0.123469,0.975128,-0.242945,-0.164075,-0.174866,-0.293362,-0.249499,0.830126,-0.405986,0.012109,-0.554241,0.044246,-0.499575,-0.117831,0.578020,1.000000
1.000000,0.342337,1.153289,-0.797502,0.897474,1.083491,-0.177643,0.063237,0.808245,1.022781,-0.575947,0.145617,-0.292783,1.009760,0.709758,-0.240302,-0.136803,-0.047624,0.095213,0.792260,0.580724,-0.405331,0.019706,-0.509427,0.188922,-0.092610,0.786662,0.336815,0.000000
1.000000,-1.614492,-0.852388,1.234276,0.974196,-0.828668,-1.722613,-1.292624,-0.434758,-0.491245,0.879652,1.156208,-0.200371,0.204969,-0.594446,-1.306269,-1.260738,-0.677686,-0.476785,-0.074221,-0.392361,0.470210,1.023584,0.041897,0.235252,-0.465287,0.079265,-0.424924,0.000000
1.000000,-1.637787,0.206939,1.304046,-0.868046,-0.766438,-1.793589,1.005101,-0.528948,-0.363082,0.972732,-1.242966,-0.035404,-0.063731,-0.584963,-1.391220,1.147367,-0.841251,-0.074488,-0.094911,-0.381609,0.554869,-1.216301,0.247601,-0.236578,-0.428487,0.052612,-0.423901,0.000000
1.000000,0.167611,0.757799,-0.923812,0.469122,0.104434,-0.209244,-0.147449,0.201200,0.147952,-0.586322,0.070096,-0.650162,0.320548,-0.219584,-0.242712,-0.161257,-0.157724,-0.251768,0.110440,-0.176938,-0.405951,0.012602,-0.550853,0.059054,-0.473971,0.165975,-0.303116,1.000000
1.000000,-0.123579,0.418808,-1.000235,0.102805,-0.499384,-0.218786,-0.228618,-0.110334,-0.241485,-0.588046,0.054511,-0.742419,0.091562,-0.519088,-0.242944,-0.164128,-0.173620,-0.313659,-0.042718,-0.354201,-0.405986,0.012112,-0.554333,0.045729,-0.521908,0.069119,-0.412080,1.000000
1.000000,-1.579551,-0.513401,1.131631,0.383072,-1.039595,-1.620199,-0.553658,-0.136708,-0.440074,0.747918,0.383162,-0.689511,0.098569,-0.610093,-1.188339,-0.483660,-0.221755,-0.318807,-0.041430,-0.388532,0.354933,0.299987,-0.498720,0.051522,-0.521364,0.069868,-0.425923,0.000000
1.000000,0.668475,-1.445622,-0.400301,-0.861789,0.063259,-0.009514,-0.854356,0.719459,-0.993904,-0.482206,-0.281209,-0.044385,-0.503102,-0.246640,-0.203208,-0.337299,0.162747,-0.773572,0.353702,-0.581946,-0.389019,-0.070659,-0.348155,-0.231217,-0.172149,-0.176183,-0.315650,1.000000
1.000000,-1.323295,-1.163130,0.452587,1.239857,-0.444452,-1.007225,-1.351594,-0.807242,-0.664625,0.032438,0.992104,0.186290,0.474146,-0.500474,-0.605423,-0.916665,-0.869961,-0.767224,-0.226566,-0.431809,-0.165139,0.571809,0.109825,0.470718,-0.266229,0.155514,-0.407630,0.000000
1.000000,0.062785,-1.812863,-0.970630,-0.176312,0.948852,-0.216473,-0.270208,0.223789,-1.764205,-0.587786,0.049556,-0.680670,-0.222882,0.549404,-0.242922,-0.164698,-0.166983,-0.368142,0.239331,-1.212891,-0.405984,0.012051,-0.553427,0.038427,-0.466597,-0.163689,0.202141,0.000000
1.000000,-0.647725,1.506404,-0.715454,-1.031619,2.207547,-0.287257,0.277381,-1.749779,2.309251,-0.564183,-0.132638,0.219726,-1.943376,2.453595,-0.249117,-0.097608,-0.493089,0.766206,-2.333325,2.388271,-0.404170,-0.009797,-0.419397,-0.402414,0.877519,-2.363861,2.271249,1.000000
1.000000,1.087790,-1.784613,0.419293,-1.853020,0.871677,0.542711,-2.168342,2.070426,-1.688675,0.004328,-1.546405,2.093898,-1.975511,0.462169,0.099126,-1.434262,1.928384,-2.762193,1.749834,-1.136118,-0.181319,-0.921660,1.427419,-2.222285,1.918652,-1.392710,0.132622,0.000000
1.000000,-0.682666,0.560055,-0.677164,-0.485348,-0.274198,-0.301513,0.053313,-0.526711,-0.112578,-0.557339,-0.056569,-0.479079,-0.162359,-0.431804,-0.251405,-0.122077,-0.266773,-0.168461,-0.183290,-0.309065,-0.403335,-0.002640,-0.512428,-0.018466,-0.429467,-0.004332,-0.388010,1.000000
1.000000,-0.997157,0.065712,-0.223923,-0.312385,-0.897309,-0.526797,0.082292,-0.241766,-0.406825,-0.410847,-0.135343,-0.609158,0.056453,-0.602334,-0.318618,-0.052732,-0.246707,-0.279951,-0.050878,-0.386900,-0.369229,-0.048454,-0.503374,0.022608,-0.512068,0.067494,-0.425570,1.000000
1.000000,-1.334942,0.800173,0.480634,-1.506301,0.195187,-1.030164,1.403162,-1.547867,0.217588,0.056624,-1.321221,1.182166,-1.014385,-0.156521,-0.623170,0.950680,-1.630447,1.026273,-0.815017,-0.133417,-0.150920,-0.824987,0.848511,-1.222009,0.555281,-0.439895,-0.272210,1.000000
1.000000,1.180967,1.365158,0.648608,2.661213,1.729634,0.734473,2.477845,3.278099,1.729693,0.211150,2.462151,4.012554,3.964416,1.623757,0.254434,1.894538,3.624208,4.617641,3.979681,1.482447,-0.053919,1.643254,3.304584,4.968696,5.383343,4.014606,1.253406,0.000000
1.000000,1.180967,-0.824139,0.648608,-0.582770,-0.854544,0.734473,-0.969319,0.149624,-0.482752,0.211150,-0.604271,-0.386505,0.015780,-0.597737,0.254434,-0.727426,0.110721,-0.414726,-0.018552,-0.391389,-0.053919,-0.434205,-0.265419,-0.055122,-0.488830,0.063787,-0.425220,1.000000
1.000000,1.250870,-1.389124,0.831911,-1.502953,-0.050353,0.897756,-2.040127,1.189585,-0.912044,0.398701,-1.644005,1.174220,-0.796145,-0.316262,0.404389,-1.695050,1.440102,-1.510953,0.516680,-0.536818,0.077022,-1.266524,1.174077,-1.214167,0.341591,-0.259759,-0.345753,1.000000
1.000000,-1.148589,0.545930,0.064047,-0.956950,-0.298414,-0.713166,0.685730,-0.847898,-0.127451,-0.255038,-0.599052,0.098396,-0.350740,-0.442584,-0.409453,0.284858,-0.713227,0.142758,-0.283552,-0.315018,-0.311291,-0.273706,-0.113820,-0.320384,-0.235828,-0.054672,-0.391393,1.000000
1.000000,0.190905,-1.473872,-0.910459,-0.273439,0.122329,-0.206643,-0.324927,0.231761,-1.038153,-0.585669,0.034530,-0.632398,-0.154960,-0.207522,-0.242598,-0.168119,-0.153080,-0.388114,0.128190,-0.608298,-0.405929,0.011374,-0.549459,0.028380,-0.463869,-0.038382,-0.297384,0.000000
1.000000,1.355693,0.503556,1.124885,1.556375,-0.368799,1.175983,1.511107,0.851470,-0.169340,0.739477,1.811537,0.782033,0.640079,-0.472009,0.694991,1.541442,1.208725,0.474873,0.241388,-0.330771,0.347733,1.546279,1.040238,0.939452,-0.050940,0.208064,-0.400072,1.000000
1.000000,-0.554548,-0.386282,-0.805765,0.130698,-1.062679,-0.257440,-0.234775,-0.103973,-0.438353,-0.576913,0.056358,-0.742313,0.095056,-0.610259,-0.245324,-0.164670,-0.173675,-0.313707,-0.041090,-0.388519,-0.405408,0.012260,-0.554314,0.045730,-0.521932,0.069837,-0.425924,1.000000
1.000000,1.495458,-1.431498,1.549302,-1.871506,0.034290,1.613996,-2.852491,1.549290,-0.972620,1.322629,-2.847682,2.147458,-1.090663,-0.265094,1.235666,-3.249835,2.696537,-2.192748,0.731382,-0.569754,0.895461,-3.028030,3.072012,-2.286828,0.888808,-0.405312,-0.323937,0.000000
1.000000,-0.869039,0.616553,-0.432163,-0.729862,-0.173561,-0.411613,0.297753,-0.736129,-0.048346,-0.493147,-0.220412,-0.220371,-0.313539,-0.383408,-0.277613,-0.026134,-0.418425,-0.008027,-0.280762,-0.281273,-0.391580,-0.052071,-0.408316,-0.133404,-0.315299,-0.062900,-0.371585,1.000000
1.000000,0.913084,1.110915,0.035578,1.834401,0.964447,0.255895,1.220156,1.842557,0.902969,-0.272613,1.076087,1.426485,1.992481,0.567446,-0.087345,0.528226,1.199479,1.603003,1.638965,0.451915,-0.318688,0.446921,0.551515,1.562363,1.433839,1.474342,0.216854,0.000000
1.000000,-0.438077,1.195663,-0.894521,-0.467596,1.205930,-0.234294,-0.072094,-0.799781,1.149523,-0.584752,0.019205,-0.494449,-0.623037,0.864595,-0.243463,-0.156478,-0.223823,-0.081810,-0.713695,0.724863,-0.405893,0.010576,-0.541408,-0.012930,-0.271622,-0.524986,0.474879,1.000000
1.000000,-0.298296,0.969669,-0.965642,-0.170537,0.592151,-0.221702,-0.184817,-0.394578,0.551147,-0.587691,0.048841,-0.683105,-0.161332,0.174756,-0.242976,-0.163424,-0.180508,-0.266267,-0.246206,0.117662,-0.405983,0.012031,-0.553317,0.038854,-0.478197,-0.085102,-0.076121,1.000000
1.000000,1.786655,-0.329783,2.557587,0.166423,-1.063132,2.802442,-0.147161,-0.102589,-0.438332,3.132589,0.161105,-0.740511,0.095063,-0.610259,3.158328,-0.030250,-0.171271,-0.313674,-0.041090,-0.388519,3.130501,0.167927,-0.550828,0.045771,-0.521931,0.069837,-0.425924,0.000000
1.000000,0.342337,0.658927,-0.797502,0.640527,-0.094123,-0.177643,-0.032538,0.308166,0.005009,-0.575947,0.115732,-0.539438,0.372599,-0.341111,-0.240302,-0.145767,-0.116726,-0.189626,0.128828,-0.255720,-0.405331,0.017215,-0.534056,0.089178,-0.434394,0.168052,-0.355699,1.000000
1.000000,1.611949,-1.064258,1.932545,-1.289803,-0.586506,2.042381,-2.218402,0.666857,-0.591411,1.940180,-2.305915,0.702236,-0.269298,-0.545067,1.855464,-2.855825,1.365286,-0.932971,0.115390,-0.411085,1.574949,-2.832170,1.531035,-0.778752,-0.215432,0.006385,-0.417553,0.000000
1.000000,0.959673,-1.360875,0.132004,-1.122433,-0.104897,0.323687,-1.317665,0.858316,-0.874317,-0.211161,-0.748197,0.378303,-0.549758,-0.347059,-0.048573,-0.732905,0.568206,-0.994697,0.351462,-0.517661,-0.291972,-0.361342,0.070294,-0.517641,-0.044163,-0.155800,-0.358014,1.000000
1.000000,-1.055413,-0.612270,-0.118506,0.394244,-1.000519,-0.591606,-0.446392,-0.159474,-0.445709,-0.359466,0.196103,-0.685015,0.104668,-0.609117,-0.346976,-0.252666,-0.207204,-0.322670,-0.042593,-0.388663,-0.352134,0.063413,-0.529378,0.052275,-0.520317,0.070059,-0.425905,0.000000
1.000000,-0.240057,-0.711142,-0.983877,0.167158,-0.942959,-0.219741,-0.234374,-0.118186,-0.457816,-0.587966,0.055014,-0.740455,0.098527,-0.606087,-0.242949,-0.164171,-0.173784,-0.314147,-0.041842,-0.389246,-0.405986,0.012115,-0.554317,0.045773,-0.521821,0.069990,-0.425789,1.000000
1.000000,-0.379822,-1.219628,-0.928855,0.381385,-0.354981,-0.227400,-0.287884,-0.282264,-0.715400,-0.586542,0.065471,-0.690173,0.198043,-0.466456,-0.243139,-0.166080,-0.182327,-0.341044,-0.094999,-0.449182,-0.405958,0.012434,-0.552491,0.051414,-0.505440,0.096478,-0.398499,0.000000
1.000000,0.260808,1.449906,-0.863949,0.882956,2.011855,-0.196096,0.006262,0.967475,2.066426,-0.582574,0.114645,-0.309299,1.380968,2.097987,-0.241964,-0.149338,-0.074090,0.157721,1.361025,1.991433,-0.405787,0.015483,-0.525243,0.181106,0.070430,1.513269,1.815577,0.000000
1.000000,-0.205114,-1.473872,-0.991600,0.235382,0.122329,-0.219157,-0.238146,-0.208429,-1.038153,-0.588024,0.055124,-0.731743,0.173237,-0.207522,-0.242945,-0.164167,-0.174248,-0.320981,-0.094032,-0.608298,-0.405986,0.012114,-0.554287,0.046260,-0.516253,0.103682,-0.297384,0.000000
1.000000,1.168491,-0.412944,0.616909,0.027362,-1.060369,0.707118,-0.320081,-0.099593,-0.438427,0.180718,-0.025957,-0.736991,0.094891,-0.610256,0.230874,-0.232270,-0.169252,-0.313900,-0.041085,-0.388519,-0.073835,-0.041357,-0.549938,0.045534,-0.521924,0.069837,-0.425924,0.000000
1.000000,-1.136942,1.393408,0.040290,-1.942516,1.822199,-0.696708,1.507457,-2.879030,1.838347,-0.269737,-1.172411,2.357853,-3.132902,1.774272,-0.400317,0.669286,-2.140784,2.954438,-3.450468,1.641320,-0.317491,-0.512473,1.033554,-2.546130,3.455976,-3.330066,1.425948,0.000000
1.000000,-0.589489,-0.767641,-0.773909,0.341421,-0.901769,-0.267308,-0.318236,-0.176200,-0.468593,-0.572970,0.084018,-0.704658,0.115058,-0.602754,-0.246421,-0.173478,-0.184825,-0.323155,-0.046097,-0.390033,-0.405074,0.014858,-0.550114,0.049226,-0.519207,0.071020,-0.425597,1.000000
1.000000,1.250870,0.884921,0.831911,2.048950,0.386880,0.897756,1.938494,1.747555,0.372975,0.398701,2.086698,2.001261,1.621388,-0.007815,0.404389,1.667538,2.136397,1.736820,1.101863,-0.024936,0.077022,1.541932,1.919859,2.203545,1.247554,0.877906,-0.190754,0.000000
1.000000,0.295749,-1.516246,-0.837081,-0.427906,0.213763,-0.189074,-0.410013,0.383134,-1.108835,-0.580207,0.003765,-0.527143,-0.281549,-0.143032,-0.241408,-0.177784,-0.119486,-0.464748,0.223550,-0.653137,-0.405644,0.008707,-0.537023,-0.001725,-0.399614,-0.105744,-0.265305,1.000000
1.000000,1.553714,0.178690,1.737604,1.130846,-0.795633,1.820733,1.163380,0.314582,-0.373892,1.615267,1.650214,0.015112,0.243256,-0.589688,1.523970,1.594007,0.606101,-0.070311,0.006617,-0.383183,1.205626,1.807109,0.466547,0.358822,-0.431645,0.084336,-0.424441,0.000000
1.000000,-0.845745,0.249313,-0.466539,-0.394316,-0.719817,-0.394382,0.078700,-0.340419,-0.344699,-0.504282,-0.101094,-0.553008,-0.000043,-0.576405,-0.272605,-0.088423,-0.259739,-0.244749,-0.075759,-0.378572,-0.394040,-0.022018,-0.504544,0.006561,-0.492961,0.057903,-0.422792,1.000000
1.000000,0.482102,-0.795890,-0.653027,-0.186499,-0.878911,-0.126620,-0.375374,-0.000894,-0.475221,-0.552582,-0.005356,-0.676257,0.064835,-0.600485,-0.232813,-0.187624,-0.149331,-0.331375,-0.033016,-0.390625,-0.402695,0.003568,-0.543007,0.037632,-0.516489,0.067800,-0.425438,1.000000
1.000000,-0.705960,1.153289,-0.650296,-0.914796,1.083491,-0.312039,0.275072,-1.301296,1.022781,-0.552022,-0.151988,0.033509,-1.106514,0.709758,-0.253274,-0.082770,-0.459207,0.391893,-1.135773,0.580724,-0.402617,-0.017590,-0.420626,-0.278837,0.218874,-0.871779,0.336815,1.000000
1.000000,-1.521316,-0.273285,0.965918,-0.016109,-1.057549,-1.460029,-0.077576,-0.111659,-0.438115,0.548312,-0.092321,-0.730075,0.094613,-0.610248,-1.015204,-0.027029,-0.184468,-0.313099,-0.041111,-0.388519,0.190938,-0.106508,-0.542297,0.045070,-0.521898,0.069836,-0.425924,0.000000
1.000000,1.157673,-0.047285,0.589671,0.560140,-0.974863,0.683826,0.236630,0.002024,-0.426047,0.155042,0.461014,-0.596729,0.116589,-0.608001,0.211176,0.177186,-0.059283,-0.286744,-0.037099,-0.388182,-0.090336,0.277668,-0.440252,0.072157,-0.516175,0.070535,-0.425871,1.000000
1.000000,0.470455,1.746542,-0.666541,1.514494,3.106643,-0.131946,0.440814,2.168128,3.516607,-0.555287,0.322505,0.694776,3.271072,4.369248,-0.233770,-0.061022,0.342905,1.507581,3.991445,4.707029,-0.403065,0.048871,-0.318182,0.863832,2.142947,4.903934,5.162458,0.000000
1.000000,-0.962216,-0.880638,-0.283933,0.628726,-0.801283,-0.491789,-0.589158,-0.312945,-0.500757,-0.437178,0.265845,-0.548442,0.168478,-0.590546,-0.304833,-0.283238,-0.275791,-0.375389,-0.064477,-0.393579,-0.377110,0.074319,-0.485904,0.086321,-0.499292,0.076869,-0.424533,1.000000
1.000000,-0.076988,-1.134881,-0.999270,0.083895,-0.486925,-0.218768,-0.229578,-0.085299,-0.641747,-0.588046,0.054493,-0.741842,0.085554,-0.515018,-0.242944,-0.164129,-0.173606,-0.314019,-0.036608,-0.424764,-0.405986,0.012112,-0.554333,0.045721,-0.521760,0.067839,-0.411142,1.000000
1.000000,0.097728,1.153289,-0.957437,0.474601,1.083491,-0.214777,-0.166916,0.316006,1.022781,-0.587504,0.063389,-0.647289,0.515951,0.709758,-0.242889,-0.162903,-0.161344,-0.227121,0.342374,0.580724,-0.405980,0.012269,-0.552320,0.059680,-0.431029,0.399683,0.336815,0.000000
1.000000,-0.694313,-0.471029,-0.663864,0.192635,-1.050684,-0.306671,-0.266409,-0.110664,-0.439026,-0.554760,0.069651,-0.738000,0.095602,-0.610211,-0.252302,-0.169976,-0.175248,-0.314022,-0.041130,-0.388522,-0.402994,0.014205,-0.553586,0.045873,-0.521906,0.069840,-0.425924,0.000000
1.000000,1.763361,0.348185,2.470763,1.623285,-0.597832,2.692530,2.097932,0.714676,-0.290683,2.953217,3.057344,0.926773,0.477387,-0.548125,2.954609,3.561092,1.760734,0.393266,0.121158,-0.367269,2.877867,4.294480,2.297290,1.069701,-0.176203,0.134843,-0.418135,0.000000
1.000000,0.691770,1.238037,-0.363887,1.579582,1.331764,0.009820,0.738733,1.698162,1.283390,-0.468971,0.589199,0.831492,2.004158,1.032669,-0.196903,0.119916,0.607426,1.197935,1.796012,0.885662,-0.385739,0.151936,-0.061275,0.983293,1.154383,1.738922,0.633170,0.000000
1.000000,-0.531254,0.334061,-0.825661,-0.217621,-0.616390,-0.251667,-0.113971,-0.279827,-0.299418,-0.579073,0.021280,-0.661830,0.014338,-0.552977,-0.244762,-0.154878,-0.194597,-0.280220,-0.074650,-0.369322,-0.405568,0.009726,-0.547395,0.034848,-0.505887,0.056661,-0.419029,1.000000
1.000000,1.833264,-0.188539,2.734532,0.482681,-1.037860,3.030597,0.360615,-0.056520,-0.436412,3.511858,0.843509,-0.642972,0.100221,-0.610068,3.597108,0.851185,-0.053970,-0.303779,-0.040573,-0.388504,3.684801,1.222811,-0.371366,0.060640,-0.520789,0.069886,-0.425923,0.000000
1.000000,0.831534,-1.163130,-0.122880,-0.760660,-0.444452,0.151265,-0.906877,0.443301,-0.664625,-0.361728,-0.385541,-0.181570,-0.199565,-0.500474,-0.140196,-0.438613,0.153205,-0.587603,0.103049,-0.431809,-0.352931,-0.146538,-0.312085,-0.153738,-0.367502,0.003254,-0.407630,0.000000
1.000000,-0.275000,1.788858,-0.973741,-0.289500,3.276376,-0.220744,-0.174200,-0.771586,3.760499,-0.587837,0.048344,-0.623084,-0.857735,4.782831,-0.242960,-0.163458,-0.185747,-0.159317,-1.275191,5.241438,-0.405985,0.012044,-0.552767,0.026133,-0.291485,-1.439376,5.872953,0.000000
1.000000,-0.344881,-1.120756,-0.946231,0.320130,-0.507596,-0.224460,-0.268405,-0.225570,-0.630910,-0.587184,0.060908,-0.711419,0.157338,-0.521722,-0.243041,-0.165119,-0.178121,-0.328091,-0.069971,-0.421603,-0.405974,0.012254,-0.553504,0.048332,-0.514244,0.082479,-0.412675,1.000000
1.000000,-1.346610,-0.485152,0.508999,0.300377,-1.047365,-1.053585,-0.418055,-0.122451,-0.439306,0.081554,0.215634,-0.717097,0.096699,-0.610183,-0.641637,-0.295935,-0.193041,-0.315717,-0.041221,-0.388524,-0.135983,0.112028,-0.535453,0.047653,-0.521748,0.069847,-0.425924,0.000000
